    1    1     39.50     97.50  209  149    0  99999.99
    2  102    0 -1 SLP (MB)              4.00    0.00    0.00    0 2000      00
    1    1     39.50     97.50  209  149    0  99999.99
    1    1    0 -1 SURFACE PRESS         0.00    0.00    0.00    0 2000      00
    1    1     39.50     97.50  209  149    0  99999.99
    7    1    0 -1 SFC H                 0.00    0.00    0.00    0 2000      00
    1    1     39.50     97.50  209  149    0  99999.99
  132  116    0 -1 BLI                   0.00    0.00    0.00    0 2000      00
    1    1     39.50     97.50  209  149    0  99999.99
  157    1    0 -1 CAPE                  0.00    0.00    0.00    0 2000      00
    1    1     39.50     97.50  209  149    0  99999.99
  226  109    0 -1 MASTER LENGTH SCALE   0.00    0.00    0.00    0 2000      00
    1    1     39.50     97.50  209  149    0  99999.99
   61    1    0 -1Accum Precip (mm)      0.00    0.00    0.00    0 1000      00 
    1    1     39.50     97.50  209  149    0  99999.99
    7  100  200 -1 z lvl200             60.00    0.00    0.00    0 1000      00
    1    1     39.50     97.50  209  149    0  99999.99
    7  100  300 -1 z lvl300             60.00    0.00    0.00    0 1000      00
    1    1     39.50     97.50  209  149    0  99999.99
    7  100  400 -1 z lvl400             60.00    0.00    0.00    0 1000      00
    1    1     39.50     97.50  209  149    0  99999.99
    7  100  500 -1 z lvl500             60.00    0.00    0.00    0 1000      00
    1    1     39.50     97.50  209  149    0  99999.99
    7  100  600 -1 z lvl600             30.00    0.00    0.00    0 1000      00
    1    1     39.50     97.50  209  149    0  99999.99
    7  100  700 -1 z lvl700             30.00    0.00    0.00    0 1000      00
    1    1     39.50     97.50  209  149    0  99999.99
    7  100  800 -1 z lvl800             30.00    0.00    0.00    0 1000      00
    1    1     39.50     97.50  209  149    0  99999.99
    7  100  900 -1 z lvl900             30.00    0.00    0.00    0 1000      00
    1    1     39.50     97.50  209  149    0  99999.99
   17  100  200 -1 200 mb thet           3.00    0.00    0.00    0 1000      00
    1    1     39.50     97.50  209  149    0  99999.99
   17  100  300 -1300 mb thet            3.00    0.00    0.00    0 1000      00
    1    1     39.50     97.50  209  149    0  99999.99
   17  100  400 -1400 mb thet            3.00    0.00    0.00    0 1000      00
    1    1     39.50     97.50  209  149    0  99999.99
   17  100  500 -1500 mb thet            3.00    0.00    0.00    0 1000      00
    1    1     39.50     97.50  209  149    0  99999.99
   17  100  600 -1600 mb thet            3.00    0.00    0.00    0 1000      00
    1    1     39.50     97.50  209  149    0  99999.99
   17  100  700 -1700 mb thet            3.00    0.00    0.00    0 1000      00
    1    1     39.50     97.50  209  149    0  99999.99
   17  100  800 -1800 mb thet            3.00    0.00    0.00    0 1000      00
    1    1     39.50     97.50  209  149    0  99999.99
   17  100  900 -1900 mb thet            3.00    0.00    0.00    0 1000      00
    1    1     39.50     97.50  209  149    0  99999.99
   11  100  200 -1200mb Temp             2.00    0.00    0.00    0 1000      00
    1    1     39.50     97.50  209  149    0  99999.99
   11  100  300 -1300mb Temp             2.00    0.00    0.00    0 1000      00
    1    1     39.50     97.50  209  149    0  99999.99
   11  100  400 -1400mb Temp             2.00    0.00    0.00    0 1000      00
    1    1     39.50     97.50  209  149    0  99999.99
   11  100  500 -1500mb Temp             2.00    0.00    0.00    0 1000      00
    1    1     39.50     97.50  209  149    0  99999.99
   11  100  600 -1600mb Temp             2.00    0.00    0.00    0 1000      00
    1    1     39.50     97.50  209  149    0  99999.99
   11  100  700 -1700mb Temp             2.00    0.00    0.00    0 1000      00
    1    1     39.50     97.50  209  149    0  99999.99
   11  100  800 -1800mb Temp             2.00    0.00    0.00    0 1000      00
    1    1     39.50     97.50  209  149    0  99999.99
   11  100  900 -1900mb Temp             2.00    0.00    0.00    0 1000      00
    1    1     39.50     97.50  209  149    0  99999.99
   52  100  200 -1200mb RH              10.00    0.00    0.00    0 1000      00
    1    1     39.50     97.50  209  149    0  99999.99
   52  100  300 -1300mb RH              10.00    0.00    0.00    0 1000      00
    1    1     39.50     97.50  209  149    0  99999.99
   52  100  400 -1400mb RH              10.00    0.00    0.00    0 1000      00
    1    1     39.50     97.50  209  149    0  99999.99
   52  100  500 -1500mb RH              10.00    0.00    0.00    0 1000      00
    1    1     39.50     97.50  209  149    0  99999.99
   52  100  600 -1600mb RH              10.00    0.00    0.00    0 1000      00
    1    1     39.50     97.50  209  149    0  99999.99
   52  100  700 -1700mb RH              10.00    0.00    0.00    0 1000      00
    1    1     39.50     97.50  209  149    0  99999.99
   52  100  800 -1800mb RH              10.00    0.00    0.00    0 1000      00
    1    1     39.50     97.50  209  149    0  99999.99
   52  100  900 -1900mb RH              10.00    0.00    0.00    0 1000      00
    1    1     39.50     97.50  209  149    0  99999.99
   39  100  200 -1200mb omeg            00.00    0.00    0.00    0 1000      00
    1    1     39.50     97.50  209  149    0  99999.99
   39  100  300 -1300mb omeg            00.00    0.00    0.00    0 1000      00
    1    1     39.50     97.50  209  149    0  99999.99
   39  100  400 -1400mb omeg            00.00    0.00    0.00    0 1000      00
    1    1     39.50     97.50  209  149    0  99999.99
   39  100  500 -1500mb omeg            00.00    0.00    0.00    0 1000      00
    1    1     39.50     97.50  209  149    0  99999.99
   39  100  600 -1600mb omeg            00.00    0.00    0.00    0 1000      00
    1    1     39.50     97.50  209  149    0  99999.99
   39  100  700 -1700mb omeg            00.00    0.00    0.00    0 1000      00
    1    1     39.50     97.50  209  149    0  99999.99
   39  100  800 -1800mb omeg            00.00    0.00    0.00    0 1000      00
    1    1     39.50     97.50  209  149    0  99999.99
   39  100  900 -1900mb omeg            00.00    0.00    0.00    0 1000      00
    1    1     39.50     97.50  209  149    0  99999.99
   41  100  200 -1200mb vort            00.00    0.00    0.00    0 1000      00
    1    1     39.50     97.50  209  149    0  99999.99
   41  100  300 -1300mb vort            00.00    0.00    0.00    0 1000      00
    1    1     39.50     97.50  209  149    0  99999.99
   41  100  400 -1400mb vort            00.00    0.00    0.00    0 1000      00
    1    1     39.50     97.50  209  149    0  99999.99
   41  100  500 -1500mb vort            00.00    0.00    0.00    0 1000      00
    1    1     39.50     97.50  209  149    0  99999.99
   41  100  600 -1600mb vort            00.00    0.00    0.00    0 1000      00
    1    1     39.50     97.50  209  149    0  99999.99
   41  100  700 -1700mb vort            00.00    0.00    0.00    0 1000      00
    1    1     39.50     97.50  209  149    0  99999.99
   41  100  800 -1800mb vort            00.00    0.00    0.00    0 1000      00
    1    1     39.50     97.50  209  149    0  99999.99
   41  100  900 -1900mb vort            00.00    0.00    0.00    0 1000      00
    1    1     39.50     97.50  209  149    0  99999.99
  153  100  200 -1200mb cloud water     00.00    0.00    0.00    0 1000      00
    1    1     39.50     97.50  209  149    0  99999.99
  153  100  300 -1300mb cloud water     00.00    0.00    0.00    0 1000      00
    1    1     39.50     97.50  209  149    0  99999.99
  153  100  400 -1400mb cloud water     00.00    0.00    0.00    0 1000      00
    1    1     39.50     97.50  209  149    0  99999.99
  153  100  500 -1500mb cloud water     00.00    0.00    0.00    0 1000      00
    1    1     39.50     97.50  209  149    0  99999.99
  153  100  600 -1600mb cloud water     00.00    0.00    0.00    0 1000      00
    1    1     39.50     97.50  209  149    0  99999.99
  153  100  700 -1700mb cloud water     00.00    0.00    0.00    0 1000      00
    1    1     39.50     97.50  209  149    0  99999.99
  153  100  800 -1800mb cloud water     00.00    0.00    0.00    0 1000      00
    1    1     39.50     97.50  209  149    0  99999.99
  153  100  900 -1900mb cloud water     00.00    0.00    0.00    0 1000      00
    1    1     39.50     97.50  209  149    0  99999.99
   32  100  200 -1200mb wind speed      03.00    0.00    0.00    0 1000      00
    1    1     39.50     97.50  209  149    0  99999.99
   32  100  300 -1300mb wind speed      03.00    0.00    0.00    0 1000      00
    1    1     39.50     97.50  209  149    0  99999.99
   32  100  400 -1400mb wind speed      03.00    0.00    0.00    0 1000      00
    1    1     39.50     97.50  209  149    0  99999.99
   32  100  500 -1500mb wind speed      03.00    0.00    0.00    0 1000      00
    1    1     39.50     97.50  209  149    0  99999.99
   32  100  600 -1600mb wind speed      03.00    0.00    0.00    0 1000      00
    1    1     39.50     97.50  209  149    0  99999.99
   32  100  700 -1700mb wind speed      03.00    0.00    0.00    0 1000      00
    1    1     39.50     97.50  209  149    0  99999.99
   32  100  800 -1800mb wind speed      03.00    0.00    0.00    0 1000      00
    1    1     39.50     97.50  209  149    0  99999.99
  153  100  900 -1900mb wind speed      03.00    0.00    0.00    0 1000      00
    2    1     39.50     97.50  209  149    0  99999.99
   33  100  200 -1                       2.00    4.00    0.00    0 1000      01
   34  100  200 -1 winds     200         2.00    4.00    0.00    0 1000      01
    2    1     39.50     97.50  209  149    0  99999.99
   33  100  300 -1                       2.00    4.00    0.00    0 1000      01
   34  100  300 -1 winds     300         2.00    4.00    0.00    0 1000      01
    2    1     39.50     97.50  209  149    0  99999.99
   33  100  400 -1                       2.00    4.00    0.00    0 1000      01
   34  100  400 -1 winds     400         2.00    4.00    0.00    0 1000      01
    2    1     39.50     97.50  209  149    0  99999.99
   33  100  500 -1                       2.00    4.00    0.00    0 1000      01
   34  100  500 -1 winds     500         2.00    4.00    0.00    0 1000      01
    2    1     39.50     97.50  209  149    0  99999.99
   33  100  600 -1                       2.00    4.00    0.00    0 1000      01
   34  100  600 -1 winds     600         2.00    4.00    0.00    0 1000      01
    2    1     39.50     97.50  209  149    0  99999.99
   33  100  700 -1                       2.00    4.00    0.00    0 1000      01
   34  100  700 -1 winds     700         2.00    4.00    0.00    0 1000      01
    2    1     39.50     97.50  209  149    0  99999.99
   33  100  800 -1                       2.00    4.00    0.00    0 1000      01
   34  100  800 -1 winds     800         2.00    4.00    0.00    0 1000      01
    2    1     39.50     97.50  209  149    0  99999.99
   33  100  900 -1                       2.00    4.00    0.00    0 1000      01
   34  100  900 -1 winds     900         2.00    4.00    0.00    0 1000      01
    1    1     39.50     97.50  209  149    0  99999.99
   11  105  002 -1Shelter Temp          00.00    0.00    0.00    0 1000      00
    1    1     39.50     97.50  209  149    0  99999.99
   52  105  002 -1Shelter RH            00.00    0.00    0.00    0 1000      00
    2    1     39.50     97.50  209  149    0  99999.99
   33  105  010 -1                       2.00    4.00    0.00    0 1000      01
   34  105  010 -1Shelter Wind           2.00    4.00    0.00    0 1000      01
    1    1     39.50     97.50  209  149    0  99999.99
   13  105  010 -110m theta             00.00    0.00    0.00    0 1000      00
    1    1     39.50     97.50  209  149    0  99999.99
   51  105  010 -110 m specific hum     00.00    0.00    0.00    0 1000      00
    1    1     39.50     97.50  209  149    0  99999.99
    7    4  000 -1Freezing level H      00.00    0.00    0.00    0 1000      00
    1    1     39.50     97.50  209  149    0  99999.99
   11  103  000 -1TEMP at FD Height     00.00    0.00    0.00    0 1000      00
    2    1     39.50     97.50  209  149    0  99999.99
   33  103  000 -1                       2.00    4.00    0.00    0 1000      01
   34  103  000 -1Wind at FD Height      2.00    4.00    0.00    0 1000      01
    1    1     39.50     97.50  209  149    0  99999.99
   13  100  900 -1 thlvl900              3.00    0.00    0.00    0 1000      00
    1    1     39.50     97.50  209  149    0  99999.99
   17  100  900 -1 dewpt900              0.00    0.00    0.00    0 1000      00
    1    1     39.50     97.50  209  149    0  99999.99
   35  100  900 -1 strem900              0.00    0.00    0.00    0 1000      00
    1    1     39.50     97.50  209  149    0  99999.99
   39  100  900 -1 omega900              0.00    0.00    0.00    0 1000      00
    1    1     39.50     97.50  209  149    0  99999.99
   41  100  900 -1 vort 900              0.00    0.00    0.00    0 1000      00
    1    1     39.50     97.50  209  149    0  99999.99
  135  100  900 -1 mcvg 900              0.00    0.00    0.00    0 1000      00
